Hum Wa 18 10 10 18 12 6
Hum Cl 14 14 13 18 10 6
Hum Th 17 12 12 18 10 6
Hum Mu 12 15 14 18 10 6
Hum Ra 16 13 12 18 10 6
Hum Bd 15 13 13 18 10 6
Hum Mo 16 13 12 18 10 6
Hum Ba 18 10 10 18 12 6
Hum Pa 16 13 12 18 10 6
Hum AP 16 13 12 18 10 6
Hum Dr 14 14 13 18 10 6 
Elf Wa 16 12 11 19 11 7
Elf Cl 14 13 13 18 11 7
Elf Th 16 12 12 18 11 7
Elf Mu 12 14 14 18 11 7
Elf Ra 15 13 12 18 11 7
Elf Bd 14 13 13 18 11 7 
Elf Pa 16 12 12 18 11 7
Elf Dr 14 13 13 18 11 7 
H.E Wa 18 11 10 18 12 6
H.E Cl 14 14 14 18 10 6
H.E Th 17 13 12 18 10 6
H.E Mu 12 15 15 18 10 6
H.E Ra 16 13 13 18 10 6
H.E Bd 15 14 13 18 10 6
H.E Mo 16 13 13 18 10 6
H.E Pa 16 13 13 18 10 6
H.E AP 16 13 13 18 10 6
H.E Dr 14 14 14 18 10 6 
D.E Wa 17 11 10 18 13 4
D.E Cl 14 14 13 18 11 4
D.E Th 17 12 12 18 11 4
D.E Mu 12 15 14 18 11 4
D.E AP 16 13 12 18 11 4 
Dwa Wa 18 12 11 17 12 5
Dwa Cl 14 15 15 17 10 5
Dwa Th 18 13 13 17 10 5
Dwa Ba 19 11 11 17 12 5
Dwa Pa 17 14 13 17 10 5
Dwa AP 17 14 13 17 10 5 
Hlf Wa 17 11 11 18 12 7
Hlf Th 17 13 12 18 10 7
Hlf Bd 15 14 13 18 10 7
Hlf Dr 14 14 14 18 10 7 
Spr Cl 15 14 14 18 10 5
Spr Th 15 14 13 19 10 5
Spr Mu 13 15 15 18 10 5
Spr Bd 15 14 14 18 10 5
Spr Dr 15 14 14 18 10 5 
Min Wa 19 12 11 18 12 5
Min Cl 16 15 14 18 10 5 
Min Ba 19 10 10 18 14 5
Min Pa 18 14 13 18 10 5
Min AP 18 14 13 18 10 5 
Avi Cl 14 15 14 18 11 4
Avi Th 16 13 13 19 11 4
Avi Mu 13 15 15 18 11 4
Avi Ra 16 14 13 18 11 4
Avi Bd 15 14 14 18 11 4
Avi Dr 14 15 14 18 11 4 
HOg Wa 20 10 10 17 13 5
HOg Th 18 13 12 17 11 5
HOg Ba 20 10 10 17 13 5 
HOr Wa 19 10 10 18 13 4
HOr Cl 14 14 14 18 11 4
HOr Th 16 13 13 18 11 4
HOr Ba 19 10 10 18 13 4
HOr AP 16 13 13 18 11 4
~
